76, 1;
16, 2;
15, 3;
81, 4;
84, 5;
58, 6;
59, 7;
46, 8;
47, 9;
75, 10;
13, 11;
14, 12;
82, 13;
83, 14;
57, 15;
60, 16;
45, 17;
48, 18;
74, 19;
62, 20;
61, 21;
28, 22;
26, 23;
42, 24;
21, 25;
22, 26;
23, 27;
73, 28;
63, 29;
64, 30;
27, 31;
44, 32;
43, 33;
32, 34;
31, 35;
2, 36;
91, 37;
92, 38;
9, 39;
11, 40;
41, 41;
29, 42;
30, 43;
3, 44;
1, 45;
89, 46;
10, 47;
12, 48;
33, 49;
34, 50;
50, 51;
52, 52;
70, 53;
72, 54;
90, 55;
78, 56;
77, 57;
56, 58;
35, 59;
49, 60;
39, 61;
69, 62;
71, 63;
19, 64;
17, 65;
79, 66;
55, 67;
7, 68;
6, 69;
40, 70;
68, 71;
65, 72;
20, 73;
18, 74;
80, 75;
54, 76;
53, 77;
5, 78;
38, 79;
67, 80;
66, 81;
112, 82;
111, 83;
110, 84;
109, 85;
106, 86;
105, 87;
104, 88;
103, 89;
102, 90;
101, 91;
108, 92;
107, 93;
