1, 1;
2, 2;
3, 3;
4, 4;
5, 5;
6, 6;
7, 7;
8, 8;
9, 9;
10, 10;
11, 11;
12, 12;
13, 13;
14, 0;
15, 0;
16, 0;
17, 21;
18, 22;
19, 23;
20, 24;
21, 25;
22, 26;
23, 0;
24, 0;
25, 31;
26, 33;
27, 32;
28, 34;
29, 0;
30, 0;
31, 0;
32, 0;
33, 35;
34, 36;
35, 37;
36, 40;
37, 39;
38, 38;
39, 0;
40, 0;
41, 43;
42, 44;
43, 41;
44, 42;
45, 0;
46, 0;
47, 0;
48, 0;
49, 51;
50, 52;
51, 53;
52, 54;
53, 0;
54, 0;
55, 0;
56, 0;
57, 61;
58, 62;
59, 63;
60, 64;
61, 65;
62, 66;
63, 0;
64, 0;
65, 71;
66, 72;
67, 73;
68, 74;
69, 75;
70, 76;
71, 77;
72, 0;
73, 0;
74, 0;
75, 0;
76, 0;
77, 0;
78, 0;
79, 0;
80, 0;
81, 0;
82, 0;
83, 0;
84, 0;
85, 0;
86, 0;
87, 0;
88, 0;
89, 0;
90, 0;
91, 0;
92, 0;
93, 0;
94, 0;
95, 0;
96, 0;
