1, 27;
2, 31;
3, 33;
4, 34;
5, 36;
6, 28;
7, 32;
8, 35;
9, 43;
10, 45;
11, 46;
12, 48;
13, 39;
14, 0;
15, 0;
16, 0;
17, 0;
18, 0;
19, 0;
20, 0;
21, 1;
22, 2;
23, 3;
24, 4;
25, 5;
26, 6;
27, 0;
28, 0;
29, 0;
30, 0;
31, 13;
32, 14;
33, 20;
34, 19;
35, 15;
36, 16;
37, 17;
38, 21;
39, 22;
40, 23;
41, 44;
42, 41;
43, 47;
44, 40;
45, 0;
46, 0;
47, 0;
48, 0;
49, 0;
50, 0;
51, 25;
52, 26;
53, 37;
54, 38;
55, 0;
56, 0;
57, 0;
58, 0;
59, 0;
60, 0;
61, 10;
62, 11;
63, 12;
64, 7;
65, 8;
66, 9;
67, 0;
68, 0;
69, 0;
70, 0;
71, 101;
72, 102;
73, 103;
74, 104;
75, 105;
76, 106;
77, 107;
