Cue, Nom Temps;
-1, noname 10. 50;
0, blackout 0. 0 0 0 0 0 0 0 0 0 0 0 0 0 0 0 0 0 0 0 0 0 0 0 0 0 0 0 0 0 0 0 0 0 0 0 0 0 0 0 0 0 0 0 0 0 0 0 0 0 0 0 0 0 0 0 0 0 0 0 0 0 0 0 0 0 0 0 0 0 0 0 0 0 0 0 0 0;
1, SERVICE 0. 9 9 9 9 9 0 0 0 0 0 0 0 0 0 0 0 0 0 0 0 0 0 0 0 0 0 0 0 0 0 0 0 0 0 127 127 127 127 127 127 0 0 0 0 0 0 0 0 0 0 0 0 0 0 0 0 0 0 0 0 0 0 0 0 0 0 0 0 0 0 0 0 0 0 0 0 0;
2, debut 0.5 55 55 55 55 55 0 0 0 64 64 64 64 64 0 0 0 0 0 0 0 0 0 2 0 0 0 0 0 0 0 27 55 27 55 127 127 127 127 127 127 10 10 10 10 0 0 0 0 0 0 0 0 10 57 0 0 0 0 0 0 0 0 0 0 0 0 0 0 0 0 0 0 0 0 0 0 0;
4, noname 10.;
6, poisson 12. 18 18 18 18 18 0 31 0 0 7 0 0 0 0 0 0 0 0 0 0 0 0 0 0 0 0 0 0 0 0 39 9 39 9 0 0 0 0 0 0 4 4 4 4 0 0 0 0 0 0 0 0 0 0 0 0 0 0 0 0 0 0 0 0 0 0 0 0 0 0 0 0 0 0 0 0 0;
8, versCour 6. 18 18 18 18 24 0 31 0 0 0 0 19 0 0 0 0 0 0 0 0 0 0 0 0 0 0 0 0 0 0 66 4 21 4 0 0 0 0 0 0 4 4 4 4 0 0 0 0 0 0 0 0 0 19 0 0 0 0 0 0 0 0 0 0 0 0 0 0 0 0 0 0 0 0 0 0 0;
10, pleurs 4. 0 0 31 0 12 0 31 0 0 0 0 19 0 0 0 0 0 0 0 0 0 0 0 0 0 0 0 0 0 0 66 4 21 4 0 0 0 0 0 0 5 5 5 5 0 0 0 0 0 0 0 0 0 14 0 0 0 0 0 0 0 0 0 0 0 0 0 0 0 0 0 0 0 0 0 0 0;
12, depasseTapis 4. 0 0 24 0 12 0 0 0 0 0 0 12 0 0 0 0 0 0 0 0 0 0 0 0 0 0 0 0 0 0 12 0 63 0 0 0 0 0 0 0 0 0 0 0 0 0 0 0 0 0 0 0 0 8 0 0 0 0 0 0 0 0 0 0 0 0 0 0 0 0 0 0 0 0 0 0 0;
14, grince 8. 0 0 0 0 8 0 0 0 0 0 0 8 0 0 0 0 0 0 0 0 0 0 0 0 0 0 0 0 0 0 8 0 21 0 90 0 0 0 0 0 0 0 0 0 0 0 0 0 0 0 0 0 0 7 0 0 0 0 0 0 0 0 0 0 0 0 0 0 0 0 0 0 0 0 0 0 0;
16, fingrince 2.5 0 0 0 0 0 0 0 0 0 0 0 5 0 0 0 0 0 0 0 0 0 0 0 0 0 0 0 0 0 0 5 0 0 0 127 0 0 0 0 0 0 0 0 0 0 0 0 0 0 0 0 0 0 5 0 0 0 0 0 0 0 0 0 0 0 0 0 0 0 0 0 0 0 0 0 0 0;
18, course 1.5 0 0 0 0 0 0 0 0 0 0 0 5 0 0 0 0 0 0 0 0 0 0 0 0 0 0 0 0 0 0 5 0 0 90 0 0 0 0 0 0 0 0 0 0 0 0 0 0 0 0 0 0 0 5 0 0 0 0 0 0 0 0 0 0 0 0 0 0 0 0 0 0 0 0 0 0 0;
20, pere 2.5 0 0 0 0 62 0 0 0 0 0 0 16 12 0 0 0 0 0 0 0 0 0 0 0 0 0 0 0 0 0 0 33 0 18 0 0 0 31 0 0 0 0 0 0 0 0 0 0 0 0 0 0 0 17 0 0 0 0 0 0 0 0 0 0 0 0 0 0 0 0 0 0 0 0 0 0 0;
21, clement 2.5 0 0 33 0 62 0 39 0 0 0 0 16 12 0 0 0 0 0 0 0 0 0 54 44 0 0 0 0 0 0 0 33 0 18 0 0 0 31 0 0 0 0 0 0 0 0 0 0 0 0 0 0 0 17 0 0 0 0 0 0 0 0 0 0 0 0 0 0 0 0 0 0 0 0 0 0 0;
22, paolo 2.5 0 0 33 17 62 0 39 0 0 0 0 14 18 0 0 0 0 0 0 0 0 0 54 44 0 0 0 0 0 0 0 33 0 18 0 0 0 31 27 0 0 0 0 0 0 0 0 0 0 0 0 0 0 17 0 0 0 0 0 0 0 0 0 0 0 0 0 0 0 0 0 0 0 0 0 0 0;
23, louis 2.5 0 0 0 17 62 0 39 0 0 0 0 14 18 0 0 0 0 0 0 0 0 0 54 44 0 0 0 0 0 0 0 33 0 18 0 0 0 31 27 0 0 0 0 0 0 0 0 0 0 0 0 0 0 17 0 0 0 0 0 0 0 0 0 0 0 0 0 0 0 0 0 0 0 0 0 0 0;
24, noname 2.5 0 0 0 21 62 0 0 64 0 0 0 14 18 0 0 0 0 0 0 0 0 0 54 44 0 0 0 0 0 0 0 22 0 0 0 0 0 31 27 0 0 0 0 0 0 0 0 0 0 0 0 0 0 17 0 0 0 0 0 0 0 0 0 0 0 0 0 0 0 0 0 0 0 0 0 0 0;
28, mouchoirs 12. 0 0 48 0 14 16 59 16 0 9 11 30 0 0 0 0 0 0 0 0 0 0 90 90 0 0 0 0 0 0 68 0 68 0 26 26 26 26 26 26 0 0 0 0 0 0 0 0 0 0 0 0 0 14 0 0 0 0 0 0 0 0 0 0 0 0 0 0 0 0 0 0 0 0 0 0 0;
30, cancan 5. 0 0 60 0 14 16 59 16 0 39 50 55 0 0 0 0 0 0 0 0 0 0 90 90 0 0 0 0 0 0 13 0 17 0 0 0 48 8 0 53 0 0 0 0 0 0 0 0 0 0 0 0 0 11 0 0 0 0 0 0 0 0 0 0 0 0 0 0 0 0 0 0 0 0 0 0 0;
31, cancan2 12. 48 48 51 48 48 13 51 13 0 0 0 47 0 0 0 0 0 0 0 0 0 0 77 77 0 0 0 0 0 0 38 26 38 26 110 110 110 110 110 110 0 0 0 0 0 0 0 0 0 0 0 0 0 9 0 0 0 0 0 0 0 0 0 0 0 0 0 0 0 0 0 0 0 0 0 0 0;
32, public 1.3 56 56 60 56 56 16 59 16 0 0 0 55 0 0 0 0 0 0 0 0 0 0 90 90 0 0 0 0 0 0 44 31 44 31 80 80 80 80 80 80 0 0 0 0 0 0 0 0 0 0 0 0 0 11 0 0 0 0 0 0 0 0 0 0 0 0 0 0 0 0 0 0 0 0 0 0 0;
